0
965
389
307
512
374
382
250
737
896
395
494
532
474
522
269
506
143
375
77
400
518
64
773
718
797
694
972
603
479
795
800
264
636
499
5
20
512
484
390
427
644
804
532
607
105
906
910
979
969
462
414
101
361
283
781
925
434
899
368
33
850
559
249
732
430
132
817
613
381
978
626
297
750
312
606
136
593
177
672
772
491
450
760
227
794
157
919
607
108
968
80
669
854
6
572
743
759
649
832
351
418
997
46
187
759
573
556
884
748
317
236
627
334
933
774
534
905
642
105
100
372
982
527
837
127
455
383
293
750
774
630
51
826
361
822
576
346
876
907
953
982
913
782
115
779
971
20
46
8
5
903
483
420
115
287
873
131
818
161
362
266
524
157
79
396
848
988
412
97
721
638
305
630
818
556
297
253
186
213
154
454
46
795
686
204
171
456
457
638
466
579
109
727
177
785
769
827
500
168
479
74
845
375
360
681
700
853
781
846
966
511
435
245
617
810
836
86
121
721
751
386
476
60
195
801
345
763
428
40
970
803
351
185
118
862
345
629
897
488
274
676
945
299
190
484
364
235
564
404
527
137
814
57
890
407
711
424
66
966
806
98
762
663
605
404
614
489
150
863
759
916
498
191
606
797
391
568
898
2
632
987
155
2
412
730
401
438
412
199
729
89
753
687
86
657
182
687
214
141
620
706
368
758
694
971
774
617
335
583
378
945
272
97
264
817
506
779
31
168
732
957
104
156
160
219
789
671
45
982
588
575
192
51
952
264
655
17
113
998
932
638
24
650
734
652
278
903
805
944
377
73
640
852
893
882
768
103
465
636
29
661
61
467
640
926
201
173
38
805
296
317
995
889
890
665
47
701
739
388
257
790
989
168
17
894
200
561
198
34
811
726
122
63
437
787
668
355
641
112
798
420
244
758
573
515
252
511
396
736
342
399
188
254
13
720
695
875
362
649
919
585
477
245
450
743
645
556
460
919
679
935
273
396
659
542
368
435
612
980
964
736
327
210
962
610
492
259
970
645
56
275
928
81
133
889
382
382
419
439
953
341
322
226
342
598
636
662
204
620
13
171
19
396
27
539
278
131
133
900
48
678
379
798
131
684
991
90
19
492
501
842
480
515
855
646
451
533
115
841
272
154
107
631
837
193
983
587
405
329
957
451
60
370
461
894
705
640
127
8
859
440
875
714
783
986
199
87
349
429
602
562
519
112
669
8
105
387
792
854
93
808
673
802
586
282
756
291
573
831
955
195
401
676
961
762
864
694
572
327
784
534
883
109
304
56
240
657
837
792
292
974
89
629
460
330
620
887
877
793
680
662
365
898
773
726
607
579
316
404
716
775
573
67
399
931
91
680
395
760
165
302
697
962
997
363
126
566
4
739
545
953
955
548
734
653
489
336
763
185
88
483
208
419
331
46
406
582
408
106
654
423
109
269
21
632
324
265
906
926
475
60
188
994
905
781
938
401
857
802
300
625
207
355
894
410
402
467
660
721
764
554
277
648
491
968
24
380
520
757
788
851
416
493
241
409
362
660
23
52
791
209
282
370
328
291
529
50
63
412
591
169
701
198
772
626
458
578
337
95
482
540
989
736
229
52
241
95
599
820
397
937
664
820
47
862
601
540
694
818
15
495
119
273
329
398
578
607
580
876
30
89
182
574
98
127
182
363
273
231
926
18
183
7
347
732
782
635
604
910
226
288
227
753
661
709
997
556
949
775
845
861
297
415
789
937
541
614
453
67
735
468
824
58
29
152
538
488
423
19
602
162
279
363
221
788
706
114
987
316
701
871
846
501
200
929
178
503
78
179
850
118
944
19
735
388
160
365
524
355
475
926
433
146
380
614
228
200
695
391
529
918
290
340
16
482
363
906
993
986
874
37
32
230
204
721
839
456
553
601
408
914
662
554
29
717
248
358
977
846
546
52
669
401
61
709
389
480
989
253
713
171
325
976
513
246
571
456
300
344
146
87
66
199
204
490
584
427
810
431
115
195
247
693
204
310
772
686
323
194
451
596
304
696
220
351
444
934
136
510
250
638
766
511
195
778
902
721
758
401
210
572
385
200
248
991
358
256
782
742
832
799
675
80
819
902
18
735
242
414
704
194
325
569
772
309
204
659
297
396
494
26
131
169
860
333
212
459
392
628
891
519
530
90
418
112
614
274
169
399
481
850
829
48
931
388
270
798
876
820
614
834
745
575
827
764
432
516
133
633
489
396
255
636
413
811
337
682
667
639
199
500
401
878
419
72
539
708
237
675
851
777
459
993
445
719
706
386
96
311
317
542
136
821
543
947
982
657
70
948
159
777
816
887
871
804
284
255
48
589
199
68
542
241
10
604
66
507
917
585
6
327
822
718
825
34
904
454
820
492
887
645
49
844
533
958
32
118
670
296
840
230
176
1
397
820
407
21
913
408
135
300
775
993
272
626
101
95
59
23
657
75
87
822
215
